time	V(in)	V(out)	V(n001)	V(n002)	I(R1)	I(Vb)	I(Ve)	I(Voffset)	Ib(Q1)	Ic(Q1)	Ie(Q1)
0.000000000000000e+00	7.300000e-01	3.454666e+00	1.000000e+01	7.300000e-01	1.309067e-02	-1.309067e-02	-4.219835e-05	-4.219835e-05	4.219835e-05	1.309067e-02	-1.313287e-02
4.275867428496621e-05	7.302967e-01	3.384251e+00	1.000000e+01	7.300000e-01	1.323150e-02	-1.323150e-02	-4.268946e-05	-4.268946e-05	4.268946e-05	1.323150e-02	-1.327419e-02
8.551734856993243e-05	7.305398e-01	3.326508e+00	1.000000e+01	7.300000e-01	1.334698e-02	-1.334698e-02	-4.309223e-05	-4.309223e-05	4.309223e-05	1.334698e-02	-1.339008e-02
1.282760228548986e-04	7.307294e-01	3.281436e+00	1.000000e+01	7.300000e-01	1.343713e-02	-1.343713e-02	-4.340666e-05	-4.340666e-05	4.340666e-05	1.343713e-02	-1.348053e-02
1.710346971398649e-04	7.308655e-01	3.249036e+00	1.000000e+01	7.300000e-01	1.350193e-02	-1.350193e-02	-4.363277e-05	-4.363277e-05	4.363277e-05	1.350193e-02	-1.354556e-02
2.137933714248311e-04	7.309480e-01	3.229307e+00	1.000000e+01	7.300000e-01	1.354139e-02	-1.354139e-02	-4.377055e-05	-4.377055e-05	4.377055e-05	1.354139e-02	-1.358516e-02
2.565520457097973e-04	7.309770e-01	3.222250e+00	1.000000e+01	7.300000e-01	1.355550e-02	-1.355550e-02	-4.381999e-05	-4.381999e-05	4.381999e-05	1.355550e-02	-1.359932e-02
2.993107199947634e-04	7.309524e-01	3.227864e+00	1.000000e+01	7.300000e-01	1.354427e-02	-1.354427e-02	-4.378110e-05	-4.378110e-05	4.378110e-05	1.354427e-02	-1.358805e-02
3.377392914233358e-04	7.308229e-01	3.259332e+00	1.000000e+01	7.300000e-01	1.348134e-02	-1.348134e-02	-4.356075e-05	-4.356075e-05	4.356075e-05	1.348134e-02	-1.352490e-02
3.761678628519081e-04	7.306713e-01	3.295724e+00	1.000000e+01	7.300000e-01	1.340855e-02	-1.340855e-02	-4.330641e-05	-4.330641e-05	4.330641e-05	1.340855e-02	-1.345186e-02
4.145964342804805e-04	7.304978e-01	3.337041e+00	1.000000e+01	7.300000e-01	1.332592e-02	-1.332592e-02	-4.301808e-05	-4.301808e-05	4.301808e-05	1.332592e-02	-1.336894e-02
4.530250057090529e-04	7.303023e-01	3.383283e+00	1.000000e+01	7.300000e-01	1.323343e-02	-1.323343e-02	-4.269576e-05	-4.269576e-05	4.269576e-05	1.323343e-02	-1.327613e-02
4.914535771376252e-04	7.300848e-01	3.434449e+00	1.000000e+01	7.300000e-01	1.313110e-02	-1.313110e-02	-4.233944e-05	-4.233944e-05	4.233944e-05	1.313110e-02	-1.317344e-02
5.298821485661976e-04	7.298453e-01	3.490541e+00	1.000000e+01	7.300000e-01	1.301892e-02	-1.301892e-02	-4.194914e-05	-4.194914e-05	4.194914e-05	1.301892e-02	-1.306087e-02
5.683107199947699e-04	7.295839e-01	3.551557e+00	1.000000e+01	7.300000e-01	1.289689e-02	-1.289689e-02	-4.152485e-05	-4.152485e-05	4.152485e-05	1.289689e-02	-1.293841e-02
6.283107199947712e-04	7.292787e-01	3.621723e+00	1.000000e+01	7.300000e-01	1.275655e-02	-1.275655e-02	-4.103813e-05	-4.103813e-05	4.103813e-05	1.275655e-02	-1.279759e-02
6.883107199947725e-04	7.290916e-01	3.664705e+00	1.000000e+01	7.300000e-01	1.267059e-02	-1.267059e-02	-4.074004e-05	-4.074004e-05	4.074004e-05	1.267059e-02	-1.271133e-02
7.483107199947738e-04	7.290225e-01	3.680503e+00	1.000000e+01	7.300000e-01	1.263899e-02	-1.263899e-02	-4.063056e-05	-4.063056e-05	4.063056e-05	1.263899e-02	-1.267962e-02
8.083107199947752e-04	7.290715e-01	3.669116e+00	1.000000e+01	7.300000e-01	1.266177e-02	-1.266177e-02	-4.070969e-05	-4.070969e-05	4.070969e-05	1.266177e-02	-1.270248e-02
8.683107199947764e-04	7.292385e-01	3.630544e+00	1.000000e+01	7.300000e-01	1.273891e-02	-1.273891e-02	-4.097745e-05	-4.097745e-05	4.097745e-05	1.273891e-02	-1.277989e-02
9.283107199947778e-04	7.295235e-01	3.564788e+00	1.000000e+01	7.300000e-01	1.287042e-02	-1.287042e-02	-4.143382e-05	-4.143382e-05	4.143382e-05	1.287042e-02	-1.291186e-02
9.883107199947789e-04	7.299266e-01	3.471848e+00	1.000000e+01	7.300000e-01	1.305630e-02	-1.305630e-02	-4.207881e-05	-4.207881e-05	4.207881e-05	1.305630e-02	-1.309838e-02
1.006310719994777e-03	7.300397e-01	3.445367e+00	1.000000e+01	7.300000e-01	1.310927e-02	-1.310927e-02	-4.226308e-05	-4.226308e-05	4.226308e-05	1.310927e-02	-1.315153e-02
1.050025005709060e-03	7.303404e-01	3.373890e+00	1.000000e+01	7.300000e-01	1.325222e-02	-1.325222e-02	-4.276172e-05	-4.276172e-05	4.276172e-05	1.325222e-02	-1.329498e-02
1.093739291423341e-03	7.305829e-01	3.316205e+00	1.000000e+01	7.300000e-01	1.336759e-02	-1.336759e-02	-4.316417e-05	-4.316417e-05	4.316417e-05	1.336759e-02	-1.341075e-02
1.137453577137624e-03	7.307674e-01	3.272310e+00	1.000000e+01	7.300000e-01	1.345538e-02	-1.345538e-02	-4.347044e-05	-4.347044e-05	4.347044e-05	1.345538e-02	-1.349885e-02
1.181167862851906e-03	7.308938e-01	3.242207e+00	1.000000e+01	7.300000e-01	1.351559e-02	-1.351559e-02	-4.368052e-05	-4.368052e-05	4.368052e-05	1.351559e-02	-1.355927e-02
1.224882148566188e-03	7.309621e-01	3.225896e+00	1.000000e+01	7.300000e-01	1.354821e-02	-1.354821e-02	-4.379441e-05	-4.379441e-05	4.379441e-05	1.354821e-02	-1.359200e-02
1.268596434280470e-03	7.309722e-01	3.223375e+00	1.000000e+01	7.300000e-01	1.355325e-02	-1.355325e-02	-4.381212e-05	-4.381212e-05	4.381212e-05	1.355325e-02	-1.359706e-02
1.312310719994752e-03	7.309243e-01	3.234646e+00	1.000000e+01	7.300000e-01	1.353071e-02	-1.353071e-02	-4.373365e-05	-4.373365e-05	4.373365e-05	1.353071e-02	-1.357444e-02
1.350453577137606e-03	7.307778e-01	3.270139e+00	1.000000e+01	7.300000e-01	1.345972e-02	-1.345972e-02	-4.348524e-05	-4.348524e-05	4.348524e-05	1.345972e-02	-1.350321e-02
1.388596434280460e-03	7.306133e-01	3.309572e+00	1.000000e+01	7.300000e-01	1.338086e-02	-1.338086e-02	-4.320974e-05	-4.320974e-05	4.320974e-05	1.338086e-02	-1.342407e-02
1.426739291423313e-03	7.304309e-01	3.352945e+00	1.000000e+01	7.300000e-01	1.329411e-02	-1.329411e-02	-4.290713e-05	-4.290713e-05	4.290713e-05	1.329411e-02	-1.333702e-02
1.464882148566167e-03	7.302306e-01	3.400257e+00	1.000000e+01	7.300000e-01	1.319949e-02	-1.319949e-02	-4.257743e-05	-4.257743e-05	4.257743e-05	1.319949e-02	-1.324206e-02
1.503025005709021e-03	7.300123e-01	3.451509e+00	1.000000e+01	7.300000e-01	1.309698e-02	-1.309698e-02	-4.222063e-05	-4.222063e-05	4.222063e-05	1.309698e-02	-1.313920e-02
1.541167862851875e-03	7.297761e-01	3.506701e+00	1.000000e+01	7.300000e-01	1.298660e-02	-1.298660e-02	-4.183674e-05	-4.183674e-05	4.183674e-05	1.298660e-02	-1.302843e-02
1.579310719994729e-03	7.295220e-01	3.565832e+00	1.000000e+01	7.300000e-01	1.286834e-02	-1.286834e-02	-4.142574e-05	-4.142574e-05	4.142574e-05	1.286834e-02	-1.290976e-02
1.637739291423297e-03	7.292433e-01	3.629893e+00	1.000000e+01	7.300000e-01	1.274021e-02	-1.274021e-02	-4.098142e-05	-4.098142e-05	4.098142e-05	1.274021e-02	-1.278120e-02
1.696167862851864e-03	7.290767e-01	3.668125e+00	1.000000e+01	7.300000e-01	1.266375e-02	-1.266375e-02	-4.071631e-05	-4.071631e-05	4.071631e-05	1.266375e-02	-1.270447e-02
1.754596434280432e-03	7.290223e-01	3.680527e+00	1.000000e+01	7.300000e-01	1.263895e-02	-1.263895e-02	-4.063040e-05	-4.063040e-05	4.063040e-05	1.263895e-02	-1.267958e-02
1.813025005709000e-03	7.290801e-01	3.667101e+00	1.000000e+01	7.300000e-01	1.266580e-02	-1.266580e-02	-4.072369e-05	-4.072369e-05	4.072369e-05	1.266580e-02	-1.270652e-02
1.871453577137567e-03	7.292501e-01	3.627845e+00	1.000000e+01	7.300000e-01	1.274431e-02	-1.274431e-02	-4.099619e-05	-4.099619e-05	4.099619e-05	1.274431e-02	-1.278531e-02
1.929882148566135e-03	7.295323e-01	3.562761e+00	1.000000e+01	7.300000e-01	1.287448e-02	-1.287448e-02	-4.144790e-05	-4.144790e-05	4.144790e-05	1.287448e-02	-1.291593e-02
1.988310719994702e-03	7.299266e-01	3.471848e+00	1.000000e+01	7.300000e-01	1.305630e-02	-1.305630e-02	-4.207881e-05	-4.207881e-05	4.207881e-05	1.305630e-02	-1.309838e-02
2.030310719994708e-03	7.301893e-01	3.410150e+00	1.000000e+01	7.300000e-01	1.317970e-02	-1.317970e-02	-4.250832e-05	-4.250832e-05	4.250832e-05	1.317970e-02	-1.322221e-02
2.094739291423288e-03	7.305827e-01	3.316339e+00	1.000000e+01	7.300000e-01	1.336732e-02	-1.336732e-02	-4.316315e-05	-4.316315e-05	4.316315e-05	1.336732e-02	-1.341049e-02
2.159167862851868e-03	7.308415e-01	3.254607e+00	1.000000e+01	7.300000e-01	1.349079e-02	-1.349079e-02	-4.359406e-05	-4.359406e-05	4.359406e-05	1.349079e-02	-1.353438e-02
2.223596434280448e-03	7.309658e-01	3.224955e+00	1.000000e+01	7.300000e-01	1.355009e-02	-1.355009e-02	-4.380106e-05	-4.380106e-05	4.380106e-05	1.355009e-02	-1.359389e-02
2.288025005709028e-03	7.309554e-01	3.227383e+00	1.000000e+01	7.300000e-01	1.354523e-02	-1.354523e-02	-4.378415e-05	-4.378415e-05	4.378415e-05	1.354523e-02	-1.358902e-02
2.352453577137608e-03	7.308106e-01	3.261891e+00	1.000000e+01	7.300000e-01	1.347622e-02	-1.347622e-02	-4.354332e-05	-4.354332e-05	4.354332e-05	1.347622e-02	-1.351976e-02
2.416882148566188e-03	7.305311e-01	3.328480e+00	1.000000e+01	7.300000e-01	1.334304e-02	-1.334304e-02	-4.307858e-05	-4.307858e-05	4.307858e-05	1.334304e-02	-1.338612e-02
2.481310719994768e-03	7.301171e-01	3.427148e+00	1.000000e+01	7.300000e-01	1.314570e-02	-1.314570e-02	-4.238993e-05	-4.238993e-05	4.238993e-05	1.314570e-02	-1.318809e-02
2.525739291423345e-03	7.298011e-01	3.500568e+00	1.000000e+01	7.300000e-01	1.299886e-02	-1.299886e-02	-4.187977e-05	-4.187977e-05	4.187977e-05	1.299886e-02	-1.304074e-02
2.570167862851923e-03	7.295388e-01	3.561426e+00	1.000000e+01	7.300000e-01	1.287715e-02	-1.287715e-02	-4.145697e-05	-4.145697e-05	4.145697e-05	1.287715e-02	-1.291860e-02
2.614596434280500e-03	7.293304e-01	3.609723e+00	1.000000e+01	7.300000e-01	1.278055e-02	-1.278055e-02	-4.112151e-05	-4.112151e-05	4.112151e-05	1.278055e-02	-1.282168e-02
2.659025005709077e-03	7.291758e-01	3.645458e+00	1.000000e+01	7.300000e-01	1.270908e-02	-1.270908e-02	-4.087341e-05	-4.087341e-05	4.087341e-05	1.270908e-02	-1.274996e-02
2.703453577137655e-03	7.290751e-01	3.668631e+00	1.000000e+01	7.300000e-01	1.266274e-02	-1.266274e-02	-4.071265e-05	-4.071265e-05	4.071265e-05	1.266274e-02	-1.270345e-02
2.747882148566232e-03	7.290282e-01	3.679242e+00	1.000000e+01	7.300000e-01	1.264152e-02	-1.264152e-02	-4.063925e-05	-4.063925e-05	4.063925e-05	1.264152e-02	-1.268216e-02
2.792310719994809e-03	7.290351e-01	3.677291e+00	1.000000e+01	7.300000e-01	1.264542e-02	-1.264542e-02	-4.065319e-05	-4.065319e-05	4.065319e-05	1.264542e-02	-1.268607e-02
2.829596434280528e-03	7.291480e-01	3.651834e+00	1.000000e+01	7.300000e-01	1.269633e-02	-1.269633e-02	-4.082919e-05	-4.082919e-05	4.082919e-05	1.269633e-02	-1.273716e-02
2.866882148566248e-03	7.292848e-01	3.620573e+00	1.000000e+01	7.300000e-01	1.275885e-02	-1.275885e-02	-4.104580e-05	-4.104580e-05	4.104580e-05	1.275885e-02	-1.279990e-02
2.904167862851967e-03	7.294456e-01	3.583505e+00	1.000000e+01	7.300000e-01	1.283299e-02	-1.283299e-02	-4.130303e-05	-4.130303e-05	4.130303e-05	1.283299e-02	-1.287429e-02
2.941453577137686e-03	7.296304e-01	3.540633e+00	1.000000e+01	7.300000e-01	1.291873e-02	-1.291873e-02	-4.160088e-05	-4.160088e-05	4.160088e-05	1.291873e-02	-1.296034e-02
2.978739291423405e-03	7.298392e-01	3.491955e+00	1.000000e+01	7.300000e-01	1.301609e-02	-1.301609e-02	-4.193933e-05	-4.193933e-05	4.193933e-05	1.301609e-02	-1.305803e-02
3.016025005709124e-03	7.300720e-01	3.437472e+00	1.000000e+01	7.300000e-01	1.312506e-02	-1.312506e-02	-4.231841e-05	-4.231841e-05	4.231841e-05	1.312506e-02	-1.316738e-02
3.053310719994844e-03	7.303287e-01	3.377183e+00	1.000000e+01	7.300000e-01	1.324563e-02	-1.324563e-02	-4.273809e-05	-4.273809e-05	4.273809e-05	1.324563e-02	-1.328837e-02
3.054310719994844e-03	7.303346e-01	3.375778e+00	1.000000e+01	7.300000e-01	1.324844e-02	-1.324844e-02	-4.274789e-05	-4.274789e-05	4.274789e-05	1.324844e-02	-1.329119e-02
3.114596434280566e-03	7.306690e-01	3.295885e+00	1.000000e+01	7.300000e-01	1.340823e-02	-1.340823e-02	-4.330576e-05	-4.330576e-05	4.330576e-05	1.340823e-02	-1.345154e-02
3.174882148566289e-03	7.308830e-01	3.244720e+00	1.000000e+01	7.300000e-01	1.351056e-02	-1.351056e-02	-4.366306e-05	-4.366306e-05	4.366306e-05	1.351056e-02	-1.355422e-02
3.235167862852011e-03	7.309767e-01	3.222283e+00	1.000000e+01	7.300000e-01	1.355543e-02	-1.355543e-02	-4.381978e-05	-4.381978e-05	4.381978e-05	1.355543e-02	-1.359925e-02
3.295453577137733e-03	7.309501e-01	3.228574e+00	1.000000e+01	7.300000e-01	1.354285e-02	-1.354285e-02	-4.377594e-05	-4.377594e-05	4.377594e-05	1.354285e-02	-1.358663e-02
3.355739291423456e-03	7.308031e-01	3.263593e+00	1.000000e+01	7.300000e-01	1.347281e-02	-1.347281e-02	-4.353153e-05	-4.353153e-05	4.353153e-05	1.347281e-02	-1.351634e-02
3.416025005709178e-03	7.305359e-01	3.327341e+00	1.000000e+01	7.300000e-01	1.334532e-02	-1.334532e-02	-4.308654e-05	-4.308654e-05	4.308654e-05	1.334532e-02	-1.338840e-02
3.476310719994900e-03	7.301483e-01	3.419816e+00	1.000000e+01	7.300000e-01	1.316037e-02	-1.316037e-02	-4.244099e-05	-4.244099e-05	4.244099e-05	1.316037e-02	-1.320281e-02
3.520025005709191e-03	7.298369e-01	3.492241e+00	1.000000e+01	7.300000e-01	1.301552e-02	-1.301552e-02	-4.193764e-05	-4.193764e-05	4.193764e-05	1.301552e-02	-1.305746e-02
3.563739291423483e-03	7.295756e-01	3.552943e+00	1.000000e+01	7.300000e-01	1.289411e-02	-1.289411e-02	-4.151584e-05	-4.151584e-05	4.151584e-05	1.289411e-02	-1.293563e-02
3.607453577137774e-03	7.293644e-01	3.601921e+00	1.000000e+01	7.300000e-01	1.279616e-02	-1.279616e-02	-4.117561e-05	-4.117561e-05	4.117561e-05	1.279616e-02	-1.283733e-02
3.651167862852066e-03	7.292033e-01	3.639177e+00	1.000000e+01	7.300000e-01	1.272165e-02	-1.272165e-02	-4.091693e-05	-4.091693e-05	4.091693e-05	1.272165e-02	-1.276256e-02
3.694882148566358e-03	7.290922e-01	3.664709e+00	1.000000e+01	7.300000e-01	1.267058e-02	-1.267058e-02	-4.073982e-05	-4.073982e-05	4.073982e-05	1.267058e-02	-1.271132e-02
3.738596434280649e-03	7.290313e-01	3.678518e+00	1.000000e+01	7.300000e-01	1.264296e-02	-1.264296e-02	-4.064426e-05	-4.064426e-05	4.064426e-05	1.264296e-02	-1.268361e-02
3.782310719994941e-03	7.290205e-01	3.680604e+00	1.000000e+01	7.300000e-01	1.263879e-02	-1.263879e-02	-4.063026e-05	-4.063026e-05	4.063026e-05	1.263879e-02	-1.267942e-02
3.822310719994946e-03	7.291325e-01	3.655404e+00	1.000000e+01	7.300000e-01	1.268919e-02	-1.268919e-02	-4.080442e-05	-4.080442e-05	4.080442e-05	1.268919e-02	-1.273000e-02
3.862310719994951e-03	7.292719e-01	3.623559e+00	1.000000e+01	7.300000e-01	1.275288e-02	-1.275288e-02	-4.102506e-05	-4.102506e-05	4.102506e-05	1.275288e-02	-1.279391e-02
3.902310719994956e-03	7.294389e-01	3.585068e+00	1.000000e+01	7.300000e-01	1.282986e-02	-1.282986e-02	-4.129218e-05	-4.129218e-05	4.129218e-05	1.282986e-02	-1.287116e-02
3.942310719994961e-03	7.296333e-01	3.539932e+00	1.000000e+01	7.300000e-01	1.292014e-02	-1.292014e-02	-4.160578e-05	-4.160578e-05	4.160578e-05	1.292014e-02	-1.296174e-02
3.982310719994967e-03	7.298553e-01	3.488149e+00	1.000000e+01	7.300000e-01	1.302370e-02	-1.302370e-02	-4.196588e-05	-4.196588e-05	4.196588e-05	1.302370e-02	-1.306567e-02
4.022310719994972e-03	7.301047e-01	3.429721e+00	1.000000e+01	7.300000e-01	1.314056e-02	-1.314056e-02	-4.237245e-05	-4.237245e-05	4.237245e-05	1.314056e-02	-1.318293e-02
4.062310719994977e-03	7.303816e-01	3.364647e+00	1.000000e+01	7.300000e-01	1.327071e-02	-1.327071e-02	-4.282551e-05	-4.282551e-05	4.282551e-05	1.327071e-02	-1.331353e-02
4.078310719994979e-03	7.304724e-01	3.343050e+00	1.000000e+01	7.300000e-01	1.331390e-02	-1.331390e-02	-4.297618e-05	-4.297618e-05	4.297618e-05	1.331390e-02	-1.335688e-02
4.134739291423558e-03	7.307492e-01	3.276807e+00	1.000000e+01	7.300000e-01	1.344639e-02	-1.344639e-02	-4.343887e-05	-4.343887e-05	4.343887e-05	1.344639e-02	-1.348983e-02
4.191167862852137e-03	7.309192e-01	3.236092e+00	1.000000e+01	7.300000e-01	1.352782e-02	-1.352782e-02	-4.372329e-05	-4.372329e-05	4.372329e-05	1.352782e-02	-1.357154e-02
4.247596434280717e-03	7.309824e-01	3.220904e+00	1.000000e+01	7.300000e-01	1.355819e-02	-1.355819e-02	-4.382946e-05	-4.382946e-05	4.382946e-05	1.355819e-02	-1.360202e-02
4.304025005709295e-03	7.309387e-01	3.231244e+00	1.000000e+01	7.300000e-01	1.353751e-02	-1.353751e-02	-4.375736e-05	-4.375736e-05	4.375736e-05	1.353751e-02	-1.358127e-02
4.360453577137874e-03	7.307883e-01	3.267112e+00	1.000000e+01	7.300000e-01	1.346578e-02	-1.346578e-02	-4.350701e-05	-4.350701e-05	4.350701e-05	1.346578e-02	-1.350928e-02
4.416882148566453e-03	7.305310e-01	3.328507e+00	1.000000e+01	7.300000e-01	1.334299e-02	-1.334299e-02	-4.307841e-05	-4.307841e-05	4.307841e-05	1.334299e-02	-1.338606e-02
4.473310719995032e-03	7.301669e-01	3.415430e+00	1.000000e+01	7.300000e-01	1.316914e-02	-1.316914e-02	-4.247154e-05	-4.247154e-05	4.247154e-05	1.316914e-02	-1.321161e-02
4.516596434280751e-03	7.298585e-01	3.487206e+00	1.000000e+01	7.300000e-01	1.302559e-02	-1.302559e-02	-4.197263e-05	-4.197263e-05	4.197263e-05	1.302559e-02	-1.306756e-02
4.559882148566472e-03	7.295980e-01	3.547758e+00	1.000000e+01	7.300000e-01	1.290449e-02	-1.290449e-02	-4.155184e-05	-4.155184e-05	4.155184e-05	1.290449e-02	-1.294604e-02
4.603167862852192e-03	7.293854e-01	3.597087e+00	1.000000e+01	7.300000e-01	1.280583e-02	-1.280583e-02	-4.120914e-05	-4.120914e-05	4.120914e-05	1.280583e-02	-1.284704e-02
4.646453577137912e-03	7.292206e-01	3.635192e+00	1.000000e+01	7.300000e-01	1.272962e-02	-1.272962e-02	-4.094455e-05	-4.094455e-05	4.094455e-05	1.272962e-02	-1.277056e-02
4.689739291423632e-03	7.291038e-01	3.662075e+00	1.000000e+01	7.300000e-01	1.267585e-02	-1.267585e-02	-4.075807e-05	-4.075807e-05	4.075807e-05	1.267585e-02	-1.271661e-02
4.733025005709352e-03	7.290348e-01	3.677734e+00	1.000000e+01	7.300000e-01	1.264453e-02	-1.264453e-02	-4.064969e-05	-4.064969e-05	4.064969e-05	1.264453e-02	-1.268518e-02
4.776310719995072e-03	7.290136e-01	3.682170e+00	1.000000e+01	7.300000e-01	1.263566e-02	-1.263566e-02	-4.061942e-05	-4.061942e-05	4.061942e-05	1.263566e-02	-1.267628e-02
4.816596434280791e-03	7.291172e-01	3.658892e+00	1.000000e+01	7.300000e-01	1.268222e-02	-1.268222e-02	-4.078024e-05	-4.078024e-05	4.078024e-05	1.268222e-02	-1.272300e-02
4.856882148566511e-03	7.292503e-01	3.628518e+00	1.000000e+01	7.300000e-01	1.274296e-02	-1.274296e-02	-4.099067e-05	-4.099067e-05	4.099067e-05	1.274296e-02	-1.278396e-02
4.897167862852231e-03	7.294129e-01	3.591046e+00	1.000000e+01	7.300000e-01	1.281791e-02	-1.281791e-02	-4.125070e-05	-4.125070e-05	4.125070e-05	1.281791e-02	-1.285916e-02
4.937453577137951e-03	7.296050e-01	3.546477e+00	1.000000e+01	7.300000e-01	1.290705e-02	-1.290705e-02	-4.156034e-05	-4.156034e-05	4.156034e-05	1.290705e-02	-1.294861e-02
4.977739291423670e-03	7.298266e-01	3.494811e+00	1.000000e+01	7.300000e-01	1.301038e-02	-1.301038e-02	-4.191958e-05	-4.191958e-05	4.191958e-05	1.301038e-02	-1.305230e-02
5.018025005709390e-03	7.300777e-01	3.436048e+00	1.000000e+01	7.300000e-01	1.312790e-02	-1.312790e-02	-4.232842e-05	-4.232842e-05	4.232842e-05	1.312790e-02	-1.317023e-02
5.058310719995109e-03	7.303582e-01	3.370188e+00	1.000000e+01	7.300000e-01	1.325962e-02	-1.325962e-02	-4.278687e-05	-4.278687e-05	4.278687e-05	1.325962e-02	-1.330241e-02
5.102310719995115e-03	7.305995e-01	3.312737e+00	1.000000e+01	7.300000e-01	1.337453e-02	-1.337453e-02	-4.318779e-05	-4.318779e-05	4.318779e-05	1.337453e-02	-1.341771e-02
5.155167862852265e-03	7.308209e-01	3.259695e+00	1.000000e+01	7.300000e-01	1.348061e-02	-1.348061e-02	-4.355833e-05	-4.355833e-05	4.355833e-05	1.348061e-02	-1.352417e-02
5.208025005709415e-03	7.309482e-01	3.229154e+00	1.000000e+01	7.300000e-01	1.354169e-02	-1.354169e-02	-4.377174e-05	-4.377174e-05	4.377174e-05	1.354169e-02	-1.358546e-02
5.260882148566565e-03	7.309814e-01	3.221114e+00	1.000000e+01	7.300000e-01	1.355777e-02	-1.355777e-02	-4.382801e-05	-4.382801e-05	4.382801e-05	1.355777e-02	-1.360160e-02
5.313739291423715e-03	7.309205e-01	3.235576e+00	1.000000e+01	7.300000e-01	1.352885e-02	-1.352885e-02	-4.372714e-05	-4.372714e-05	4.372714e-05	1.352885e-02	-1.357257e-02
5.366596434280864e-03	7.307655e-01	3.272540e+00	1.000000e+01	7.300000e-01	1.345492e-02	-1.345492e-02	-4.346913e-05	-4.346913e-05	4.346913e-05	1.345492e-02	-1.349839e-02
5.419453577138015e-03	7.305163e-01	3.332004e+00	1.000000e+01	7.300000e-01	1.333599e-02	-1.333599e-02	-4.305399e-05	-4.305399e-05	4.305399e-05	1.333599e-02	-1.337904e-02
5.472310719995164e-03	7.301731e-01	3.413970e+00	1.000000e+01	7.300000e-01	1.317206e-02	-1.317206e-02	-4.248171e-05	-4.248171e-05	4.248171e-05	1.317206e-02	-1.321454e-02
5.515453577138027e-03	7.298658e-01	3.485521e+00	1.000000e+01	7.300000e-01	1.302896e-02	-1.302896e-02	-4.198434e-05	-4.198434e-05	4.198434e-05	1.302896e-02	-1.307094e-02
5.558596434280890e-03	7.296056e-01	3.546014e+00	1.000000e+01	7.300000e-01	1.290797e-02	-1.290797e-02	-4.156393e-05	-4.156393e-05	4.156393e-05	1.290797e-02	-1.294953e-02
5.601739291423753e-03	7.293925e-01	3.595450e+00	1.000000e+01	7.300000e-01	1.280910e-02	-1.280910e-02	-4.122049e-05	-4.122049e-05	4.122049e-05	1.280910e-02	-1.285032e-02
5.644882148566616e-03	7.292266e-01	3.633829e+00	1.000000e+01	7.300000e-01	1.273234e-02	-1.273234e-02	-4.095400e-05	-4.095400e-05	4.095400e-05	1.273234e-02	-1.277330e-02
5.688025005709479e-03	7.291078e-01	3.661150e+00	1.000000e+01	7.300000e-01	1.267770e-02	-1.267770e-02	-4.076447e-05	-4.076447e-05	4.076447e-05	1.267770e-02	-1.271846e-02
5.731167862852341e-03	7.290362e-01	3.677415e+00	1.000000e+01	7.300000e-01	1.264517e-02	-1.264517e-02	-4.065190e-05	-4.065190e-05	4.065190e-05	1.264517e-02	-1.268582e-02
5.774310719995204e-03	7.290117e-01	3.682621e+00	1.000000e+01	7.300000e-01	1.263476e-02	-1.263476e-02	-4.061629e-05	-4.061629e-05	4.061629e-05	1.263476e-02	-1.267537e-02
5.814739291423781e-03	7.291126e-01	3.659942e+00	1.000000e+01	7.300000e-01	1.268011e-02	-1.268011e-02	-4.077297e-05	-4.077297e-05	4.077297e-05	1.268011e-02	-1.272089e-02
5.855167862852358e-03	7.292438e-01	3.630012e+00	1.000000e+01	7.300000e-01	1.273998e-02	-1.273998e-02	-4.098031e-05	-4.098031e-05	4.098031e-05	1.273998e-02	-1.278096e-02
5.895596434280934e-03	7.294051e-01	3.592829e+00	1.000000e+01	7.300000e-01	1.281434e-02	-1.281434e-02	-4.123833e-05	-4.123833e-05	4.123833e-05	1.281434e-02	-1.285558e-02
5.936025005709512e-03	7.295967e-01	3.548395e+00	1.000000e+01	7.300000e-01	1.290321e-02	-1.290321e-02	-4.154703e-05	-4.154703e-05	4.154703e-05	1.290321e-02	-1.294476e-02
5.976453577138089e-03	7.298184e-01	3.496708e+00	1.000000e+01	7.300000e-01	1.300658e-02	-1.300658e-02	-4.190640e-05	-4.190640e-05	4.190640e-05	1.300658e-02	-1.304849e-02
6.016882148566665e-03	7.300703e-01	3.437770e+00	1.000000e+01	7.300000e-01	1.312446e-02	-1.312446e-02	-4.231644e-05	-4.231644e-05	4.231644e-05	1.312446e-02	-1.316678e-02
6.057310719995242e-03	7.303523e-01	3.371581e+00	1.000000e+01	7.300000e-01	1.325684e-02	-1.325684e-02	-4.277716e-05	-4.277716e-05	4.277716e-05	1.325684e-02	-1.329962e-02
6.126310719995251e-03	7.307129e-01	3.285564e+00	1.000000e+01	7.300000e-01	1.342887e-02	-1.342887e-02	-4.337761e-05	-4.337761e-05	4.337761e-05	1.342887e-02	-1.347225e-02
6.176167862852400e-03	7.308819e-01	3.245072e+00	1.000000e+01	7.300000e-01	1.350986e-02	-1.350986e-02	-4.366047e-05	-4.366047e-05	4.366047e-05	1.350986e-02	-1.355352e-02
6.226025005709551e-03	7.309681e-01	3.224401e+00	1.000000e+01	7.300000e-01	1.355120e-02	-1.355120e-02	-4.380493e-05	-4.380493e-05	4.380493e-05	1.355120e-02	-1.359500e-02
6.275882148566700e-03	7.309712e-01	3.223551e+00	1.000000e+01	7.300000e-01	1.355290e-02	-1.355290e-02	-4.381098e-05	-4.381098e-05	4.381098e-05	1.355290e-02	-1.359671e-02
6.325739291423849e-03	7.308915e-01	3.242521e+00	1.000000e+01	7.300000e-01	1.351496e-02	-1.351496e-02	-4.367863e-05	-4.367863e-05	4.367863e-05	1.351496e-02	-1.355864e-02
6.375596434280999e-03	7.307288e-01	3.281311e+00	1.000000e+01	7.300000e-01	1.343738e-02	-1.343738e-02	-4.340788e-05	-4.340788e-05	4.340788e-05	1.343738e-02	-1.348079e-02
6.425453577138148e-03	7.304831e-01	3.339922e+00	1.000000e+01	7.300000e-01	1.332016e-02	-1.332016e-02	-4.299873e-05	-4.299873e-05	4.299873e-05	1.332016e-02	-1.336315e-02
6.475310719995298e-03	7.301545e-01	3.418353e+00	1.000000e+01	7.300000e-01	1.316329e-02	-1.316329e-02	-4.245118e-05	-4.245118e-05	4.245118e-05	1.316329e-02	-1.320574e-02
6.518882148566732e-03	7.298441e-01	3.490566e+00	1.000000e+01	7.300000e-01	1.301887e-02	-1.301887e-02	-4.194928e-05	-4.194928e-05	4.194928e-05	1.301887e-02	-1.306082e-02
6.562453577138166e-03	7.295830e-01	3.551222e+00	1.000000e+01	7.300000e-01	1.289756e-02	-1.289756e-02	-4.152779e-05	-4.152779e-05	4.152779e-05	1.289756e-02	-1.293908e-02
6.606025005709601e-03	7.293713e-01	3.600322e+00	1.000000e+01	7.300000e-01	1.279936e-02	-1.279936e-02	-4.118670e-05	-4.118670e-05	4.118670e-05	1.279936e-02	-1.284054e-02
6.649596434281035e-03	7.292090e-01	3.637866e+00	1.000000e+01	7.300000e-01	1.272427e-02	-1.272427e-02	-4.092602e-05	-4.092602e-05	4.092602e-05	1.272427e-02	-1.276519e-02
6.693167862852469e-03	7.290960e-01	3.663854e+00	1.000000e+01	7.300000e-01	1.267229e-02	-1.267229e-02	-4.074574e-05	-4.074574e-05	4.074574e-05	1.267229e-02	-1.271304e-02
6.736739291423904e-03	7.290324e-01	3.678286e+00	1.000000e+01	7.300000e-01	1.264343e-02	-1.264343e-02	-4.064587e-05	-4.064587e-05	4.064587e-05	1.264343e-02	-1.268407e-02
6.780310719995338e-03	7.290181e-01	3.681161e+00	1.000000e+01	7.300000e-01	1.263768e-02	-1.263768e-02	-4.062640e-05	-4.062640e-05	4.062640e-05	1.263768e-02	-1.267830e-02
6.820453577138201e-03	7.291275e-01	3.656538e+00	1.000000e+01	7.300000e-01	1.268692e-02	-1.268692e-02	-4.079656e-05	-4.079656e-05	4.079656e-05	1.268692e-02	-1.272772e-02
6.860596434281063e-03	7.292651e-01	3.625116e+00	1.000000e+01	7.300000e-01	1.274977e-02	-1.274977e-02	-4.101426e-05	-4.101426e-05	4.101426e-05	1.274977e-02	-1.279078e-02
6.900739291423925e-03	7.294309e-01	3.586896e+00	1.000000e+01	7.300000e-01	1.282621e-02	-1.282621e-02	-4.127950e-05	-4.127950e-05	4.127950e-05	1.282621e-02	-1.286749e-02
6.940882148566788e-03	7.296249e-01	3.541877e+00	1.000000e+01	7.300000e-01	1.291625e-02	-1.291625e-02	-4.159228e-05	-4.159228e-05	4.159228e-05	1.291625e-02	-1.295784e-02
6.981025005709651e-03	7.298470e-01	3.490059e+00	1.000000e+01	7.300000e-01	1.301988e-02	-1.301988e-02	-4.195261e-05	-4.195261e-05	4.195261e-05	1.301988e-02	-1.306183e-02
7.021167862852513e-03	7.300973e-01	3.431442e+00	1.000000e+01	7.300000e-01	1.313711e-02	-1.313711e-02	-4.236047e-05	-4.236047e-05	4.236047e-05	1.313711e-02	-1.317948e-02
7.061310719995375e-03	7.303758e-01	3.366027e+00	1.000000e+01	7.300000e-01	1.326795e-02	-1.326795e-02	-4.281589e-05	-4.281589e-05	4.281589e-05	1.326795e-02	-1.331076e-02
7.150310719995387e-03	7.308102e-01	3.262185e+00	1.000000e+01	7.300000e-01	1.347563e-02	-1.347563e-02	-4.354103e-05	-4.354103e-05	4.354103e-05	1.347563e-02	-1.351917e-02
7.197453577138251e-03	7.309296e-01	3.233634e+00	1.000000e+01	7.300000e-01	1.353273e-02	-1.353273e-02	-4.374041e-05	-4.374041e-05	4.374041e-05	1.353273e-02	-1.357647e-02
7.244596434281114e-03	7.309765e-01	3.222384e+00	1.000000e+01	7.300000e-01	1.355523e-02	-1.355523e-02	-4.381900e-05	-4.381900e-05	4.381900e-05	1.355523e-02	-1.359905e-02
7.291739291423977e-03	7.309509e-01	3.228438e+00	1.000000e+01	7.300000e-01	1.354312e-02	-1.354312e-02	-4.377681e-05	-4.377681e-05	4.377681e-05	1.354312e-02	-1.358690e-02
7.338882148566841e-03	7.308528e-01	3.251794e+00	1.000000e+01	7.300000e-01	1.349641e-02	-1.349641e-02	-4.361382e-05	-4.361382e-05	4.361382e-05	1.349641e-02	-1.354002e-02
7.386025005709704e-03	7.306822e-01	3.292453e+00	1.000000e+01	7.300000e-01	1.341509e-02	-1.341509e-02	-4.333005e-05	-4.333005e-05	4.333005e-05	1.341509e-02	-1.345842e-02
7.433167862852567e-03	7.304391e-01	3.350415e+00	1.000000e+01	7.300000e-01	1.329917e-02	-1.329917e-02	-4.292550e-05	-4.292550e-05	4.292550e-05	1.329917e-02	-1.334209e-02
7.480310719995431e-03	7.301234e-01	3.425680e+00	1.000000e+01	7.300000e-01	1.314864e-02	-1.314864e-02	-4.240015e-05	-4.240015e-05	4.240015e-05	1.314864e-02	-1.319104e-02
7.524596434281151e-03	7.298082e-01	3.498910e+00	1.000000e+01	7.300000e-01	1.300218e-02	-1.300218e-02	-4.189129e-05	-4.189129e-05	4.189129e-05	1.300218e-02	-1.304407e-02
7.568882148566871e-03	7.295461e-01	3.559746e+00	1.000000e+01	7.300000e-01	1.288051e-02	-1.288051e-02	-4.146862e-05	-4.146862e-05	4.146862e-05	1.288051e-02	-1.292198e-02
7.613167862852591e-03	7.293371e-01	3.608189e+00	1.000000e+01	7.300000e-01	1.278362e-02	-1.278362e-02	-4.113215e-05	-4.113215e-05	4.113215e-05	1.278362e-02	-1.282475e-02
7.657453577138312e-03	7.291811e-01	3.644238e+00	1.000000e+01	7.300000e-01	1.271152e-02	-1.271152e-02	-4.088186e-05	-4.088186e-05	4.088186e-05	1.271152e-02	-1.275241e-02
7.701739291424032e-03	7.290783e-01	3.667893e+00	1.000000e+01	7.300000e-01	1.266421e-02	-1.266421e-02	-4.071776e-05	-4.071776e-05	4.071776e-05	1.266421e-02	-1.270493e-02
7.746025005709752e-03	7.290286e-01	3.679155e+00	1.000000e+01	7.300000e-01	1.264169e-02	-1.264169e-02	-4.063984e-05	-4.063984e-05	4.063984e-05	1.264169e-02	-1.268233e-02
7.790310719995472e-03	7.290319e-01	3.678023e+00	1.000000e+01	7.300000e-01	1.264395e-02	-1.264395e-02	-4.064812e-05	-4.064812e-05	4.064812e-05	1.264395e-02	-1.268460e-02
7.830025005709732e-03	7.291551e-01	3.650236e+00	1.000000e+01	7.300000e-01	1.269953e-02	-1.269953e-02	-4.084024e-05	-4.084024e-05	4.084024e-05	1.269953e-02	-1.274037e-02
7.869739291423991e-03	7.293031e-01	3.616397e+00	1.000000e+01	7.300000e-01	1.276721e-02	-1.276721e-02	-4.107473e-05	-4.107473e-05	4.107473e-05	1.276721e-02	-1.280828e-02
7.909453577138251e-03	7.294760e-01	3.576507e+00	1.000000e+01	7.300000e-01	1.284699e-02	-1.284699e-02	-4.135160e-05	-4.135160e-05	4.135160e-05	1.284699e-02	-1.288834e-02
7.949167862852510e-03	7.296737e-01	3.530566e+00	1.000000e+01	7.300000e-01	1.293887e-02	-1.293887e-02	-4.167083e-05	-4.167083e-05	4.167083e-05	1.293887e-02	-1.298054e-02
7.988882148566769e-03	7.298964e-01	3.478574e+00	1.000000e+01	7.300000e-01	1.304285e-02	-1.304285e-02	-4.203244e-05	-4.203244e-05	4.203244e-05	1.304285e-02	-1.308488e-02
8.028596434281028e-03	7.301438e-01	3.420531e+00	1.000000e+01	7.300000e-01	1.315894e-02	-1.315894e-02	-4.243643e-05	-4.243643e-05	4.243643e-05	1.315894e-02	-1.320137e-02
8.068310719995288e-03	7.304162e-01	3.356436e+00	1.000000e+01	7.300000e-01	1.328713e-02	-1.328713e-02	-4.288278e-05	-4.288278e-05	4.288278e-05	1.328713e-02	-1.333001e-02
8.083310719995277e-03	7.305015e-01	3.336112e+00	1.000000e+01	7.300000e-01	1.332778e-02	-1.332778e-02	-4.302463e-05	-4.302463e-05	4.302463e-05	1.332778e-02	-1.337080e-02
8.098310719995266e-03	7.305807e-01	3.317202e+00	1.000000e+01	7.300000e-01	1.336560e-02	-1.336560e-02	-4.315664e-05	-4.315664e-05	4.315664e-05	1.336560e-02	-1.340875e-02
8.113310719995255e-03	7.306539e-01	3.299707e+00	1.000000e+01	7.300000e-01	1.340059e-02	-1.340059e-02	-4.327881e-05	-4.327881e-05	4.327881e-05	1.340059e-02	-1.344387e-02
8.128310719995244e-03	7.307210e-01	3.283626e+00	1.000000e+01	7.300000e-01	1.343275e-02	-1.343275e-02	-4.339115e-05	-4.339115e-05	4.339115e-05	1.343275e-02	-1.347614e-02
8.143310719995233e-03	7.307821e-01	3.268960e+00	1.000000e+01	7.300000e-01	1.346208e-02	-1.346208e-02	-4.349364e-05	-4.349364e-05	4.349364e-05	1.346208e-02	-1.350557e-02
8.158310719995222e-03	7.308372e-01	3.255708e+00	1.000000e+01	7.300000e-01	1.348858e-02	-1.348858e-02	-4.358630e-05	-4.358630e-05	4.358630e-05	1.348858e-02	-1.353217e-02
8.173310719995211e-03	7.308862e-01	3.243871e+00	1.000000e+01	7.300000e-01	1.351226e-02	-1.351226e-02	-4.366911e-05	-4.366911e-05	4.366911e-05	1.351226e-02	-1.355593e-02
8.174310719995210e-03	7.308890e-01	3.243172e+00	1.000000e+01	7.300000e-01	1.351366e-02	-1.351366e-02	-4.367400e-05	-4.367400e-05	4.367400e-05	1.351366e-02	-1.355733e-02
8.219167862852320e-03	7.309618e-01	3.225904e+00	1.000000e+01	7.300000e-01	1.354819e-02	-1.354819e-02	-4.379445e-05	-4.379445e-05	4.379445e-05	1.354819e-02	-1.359199e-02
8.264025005709429e-03	7.309714e-01	3.223642e+00	1.000000e+01	7.300000e-01	1.355272e-02	-1.355272e-02	-4.381019e-05	-4.381019e-05	4.381019e-05	1.355272e-02	-1.359653e-02
8.308882148566539e-03	7.309180e-01	3.236388e+00	1.000000e+01	7.300000e-01	1.352722e-02	-1.352722e-02	-4.372122e-05	-4.372122e-05	4.372122e-05	1.352722e-02	-1.357095e-02
8.353739291423650e-03	7.308015e-01	3.264140e+00	1.000000e+01	7.300000e-01	1.347172e-02	-1.347172e-02	-4.352754e-05	-4.352754e-05	4.352754e-05	1.347172e-02	-1.351525e-02
8.398596434280760e-03	7.306219e-01	3.306901e+00	1.000000e+01	7.300000e-01	1.338620e-02	-1.338620e-02	-4.322915e-05	-4.322915e-05	4.322915e-05	1.338620e-02	-1.342943e-02
8.443453577137869e-03	7.303792e-01	3.364668e+00	1.000000e+01	7.300000e-01	1.327066e-02	-1.327066e-02	-4.282605e-05	-4.282605e-05	4.282605e-05	1.327066e-02	-1.331349e-02
8.488310719994979e-03	7.300734e-01	3.437443e+00	1.000000e+01	7.300000e-01	1.312511e-02	-1.312511e-02	-4.231824e-05	-4.231824e-05	4.231824e-05	1.312511e-02	-1.316743e-02
8.534025005709231e-03	7.297493e-01	3.512575e+00	1.000000e+01	7.300000e-01	1.297485e-02	-1.297485e-02	-4.179635e-05	-4.179635e-05	4.179635e-05	1.297485e-02	-1.301665e-02
8.579739291423484e-03	7.294853e-01	3.573747e+00	1.000000e+01	7.300000e-01	1.285251e-02	-1.285251e-02	-4.137147e-05	-4.137147e-05	4.137147e-05	1.285251e-02	-1.289388e-02
8.625453577137735e-03	7.292814e-01	3.620958e+00	1.000000e+01	7.300000e-01	1.275808e-02	-1.275808e-02	-4.104361e-05	-4.104361e-05	4.104361e-05	1.275808e-02	-1.279913e-02
8.671167862851988e-03	7.291375e-01	3.654208e+00	1.000000e+01	7.300000e-01	1.269158e-02	-1.269158e-02	-4.081277e-05	-4.081277e-05	4.081277e-05	1.269158e-02	-1.273240e-02
8.716882148566240e-03	7.290537e-01	3.673498e+00	1.000000e+01	7.300000e-01	1.265300e-02	-1.265300e-02	-4.067894e-05	-4.067894e-05	4.067894e-05	1.265300e-02	-1.269368e-02
8.762596434280493e-03	7.290300e-01	3.678826e+00	1.000000e+01	7.300000e-01	1.264235e-02	-1.264235e-02	-4.064212e-05	-4.064212e-05	4.064212e-05	1.264235e-02	-1.268299e-02
8.808310719994744e-03	7.290664e-01	3.670194e+00	1.000000e+01	7.300000e-01	1.265961e-02	-1.265961e-02	-4.070232e-05	-4.070232e-05	4.070232e-05	1.265961e-02	-1.270031e-02
8.847453577137572e-03	7.292134e-01	3.636860e+00	1.000000e+01	7.300000e-01	1.272628e-02	-1.272628e-02	-4.093296e-05	-4.093296e-05	4.093296e-05	1.272628e-02	-1.276721e-02
8.886596434280402e-03	7.293795e-01	3.598810e+00	1.000000e+01	7.300000e-01	1.280238e-02	-1.280238e-02	-4.119674e-05	-4.119674e-05	4.119674e-05	1.280238e-02	-1.284358e-02
8.925739291423230e-03	7.295645e-01	3.556043e+00	1.000000e+01	7.300000e-01	1.288791e-02	-1.288791e-02	-4.149366e-05	-4.149366e-05	4.149366e-05	1.288791e-02	-1.292941e-02
8.964882148566057e-03	7.297685e-01	3.508559e+00	1.000000e+01	7.300000e-01	1.298288e-02	-1.298288e-02	-4.182373e-05	-4.182373e-05	4.182373e-05	1.298288e-02	-1.302471e-02
9.004025005708885e-03	7.299915e-01	3.456359e+00	1.000000e+01	7.300000e-01	1.308728e-02	-1.308728e-02	-4.218693e-05	-4.218693e-05	4.218693e-05	1.308728e-02	-1.312947e-02
9.043167862851715e-03	7.302335e-01	3.399443e+00	1.000000e+01	7.300000e-01	1.320111e-02	-1.320111e-02	-4.258327e-05	-4.258327e-05	4.258327e-05	1.320111e-02	-1.324370e-02
9.082310719994543e-03	7.304944e-01	3.337810e+00	1.000000e+01	7.300000e-01	1.332438e-02	-1.332438e-02	-4.301275e-05	-4.301275e-05	4.301275e-05	1.332438e-02	-1.336739e-02
9.098739291423102e-03	7.305832e-01	3.316594e+00	1.000000e+01	7.300000e-01	1.336681e-02	-1.336681e-02	-4.316090e-05	-4.316090e-05	4.316090e-05	1.336681e-02	-1.340997e-02
9.115167862851662e-03	7.306639e-01	3.297292e+00	1.000000e+01	7.300000e-01	1.340542e-02	-1.340542e-02	-4.329571e-05	-4.329571e-05	4.329571e-05	1.340542e-02	-1.344871e-02
9.131596434280222e-03	7.307364e-01	3.279903e+00	1.000000e+01	7.300000e-01	1.344019e-02	-1.344019e-02	-4.341719e-05	-4.341719e-05	4.341719e-05	1.344019e-02	-1.348361e-02
9.148025005708780e-03	7.308009e-01	3.264428e+00	1.000000e+01	7.300000e-01	1.347114e-02	-1.347114e-02	-4.352533e-05	-4.352533e-05	4.352533e-05	1.347114e-02	-1.351467e-02
9.164453577137339e-03	7.308573e-01	3.250866e+00	1.000000e+01	7.300000e-01	1.349827e-02	-1.349827e-02	-4.362015e-05	-4.362015e-05	4.362015e-05	1.349827e-02	-1.354189e-02
9.180882148565899e-03	7.309055e-01	3.239217e+00	1.000000e+01	7.300000e-01	1.352157e-02	-1.352157e-02	-4.370164e-05	-4.370164e-05	4.370164e-05	1.352157e-02	-1.356527e-02
9.197310719994458e-03	7.309457e-01	3.229481e+00	1.000000e+01	7.300000e-01	1.354104e-02	-1.354104e-02	-4.376979e-05	-4.376979e-05	4.376979e-05	1.354104e-02	-1.358481e-02
9.198310719994458e-03	7.309477e-01	3.228992e+00	1.000000e+01	7.300000e-01	1.354202e-02	-1.354202e-02	-4.377321e-05	-4.377321e-05	4.377321e-05	1.354202e-02	-1.358579e-02
9.241167862851569e-03	7.309766e-01	3.222323e+00	1.000000e+01	7.300000e-01	1.355535e-02	-1.355535e-02	-4.381948e-05	-4.381948e-05	4.381948e-05	1.355535e-02	-1.359917e-02
9.284025005708680e-03	7.309513e-01	3.228505e+00	1.000000e+01	7.300000e-01	1.354299e-02	-1.354299e-02	-4.377616e-05	-4.377616e-05	4.377616e-05	1.354299e-02	-1.358677e-02
9.326882148565791e-03	7.308717e-01	3.247538e+00	1.000000e+01	7.300000e-01	1.350492e-02	-1.350492e-02	-4.364325e-05	-4.364325e-05	4.364325e-05	1.350492e-02	-1.354857e-02
9.369739291422903e-03	7.307378e-01	3.279421e+00	1.000000e+01	7.300000e-01	1.344116e-02	-1.344116e-02	-4.342074e-05	-4.342074e-05	4.342074e-05	1.344116e-02	-1.348458e-02
9.412596434280015e-03	7.305497e-01	3.324156e+00	1.000000e+01	7.300000e-01	1.335169e-02	-1.335169e-02	-4.310864e-05	-4.310864e-05	4.310864e-05	1.335169e-02	-1.339480e-02
9.455453577137125e-03	7.303073e-01	3.381741e+00	1.000000e+01	7.300000e-01	1.323652e-02	-1.323652e-02	-4.270696e-05	-4.270696e-05	4.270696e-05	1.323652e-02	-1.327922e-02
9.498310719994237e-03	7.300106e-01	3.452178e+00	1.000000e+01	7.300000e-01	1.309565e-02	-1.309565e-02	-4.221567e-05	-4.221567e-05	4.221567e-05	1.309565e-02	-1.313786e-02
9.546453577137059e-03	7.296729e-01	3.530284e+00	1.000000e+01	7.300000e-01	1.293943e-02	-1.293943e-02	-4.167336e-05	-4.167336e-05	4.167336e-05	1.293943e-02	-1.298111e-02
9.594596434279882e-03	7.294062e-01	3.591936e+00	1.000000e+01	7.300000e-01	1.281613e-02	-1.281613e-02	-4.124529e-05	-4.124529e-05	4.124529e-05	1.281613e-02	-1.285737e-02
9.642739291422703e-03	7.292107e-01	3.637134e+00	1.000000e+01	7.300000e-01	1.272573e-02	-1.272573e-02	-4.093148e-05	-4.093148e-05	4.093148e-05	1.272573e-02	-1.276666e-02
9.690882148565524e-03	7.290864e-01	3.665877e+00	1.000000e+01	7.300000e-01	1.266825e-02	-1.266825e-02	-4.073192e-05	-4.073192e-05	4.073192e-05	1.266825e-02	-1.270898e-02
9.739025005708345e-03	7.290332e-01	3.678166e+00	1.000000e+01	7.300000e-01	1.264367e-02	-1.264367e-02	-4.064661e-05	-4.064661e-05	4.064661e-05	1.264367e-02	-1.268431e-02
9.787167862851168e-03	7.290512e-01	3.674000e+00	1.000000e+01	7.300000e-01	1.265200e-02	-1.265200e-02	-4.067556e-05	-4.067556e-05	4.067556e-05	1.265200e-02	-1.269268e-02
9.835310719993990e-03	7.291403e-01	3.653379e+00	1.000000e+01	7.300000e-01	1.269324e-02	-1.269324e-02	-4.081876e-05	-4.081876e-05	4.081876e-05	1.269324e-02	-1.273406e-02
9.858596434279688e-03	7.292303e-01	3.632898e+00	1.000000e+01	7.300000e-01	1.273420e-02	-1.273420e-02	-4.096056e-05	-4.096056e-05	4.096056e-05	1.273420e-02	-1.277516e-02
9.881882148565384e-03	7.293308e-01	3.609900e+00	1.000000e+01	7.300000e-01	1.278020e-02	-1.278020e-02	-4.111997e-05	-4.111997e-05	4.111997e-05	1.278020e-02	-1.282132e-02
9.905167862851082e-03	7.294417e-01	3.584385e+00	1.000000e+01	7.300000e-01	1.283123e-02	-1.283123e-02	-4.129698e-05	-4.129698e-05	4.129698e-05	1.283123e-02	-1.287253e-02
9.928453577136778e-03	7.295630e-01	3.556353e+00	1.000000e+01	7.300000e-01	1.288729e-02	-1.288729e-02	-4.149159e-05	-4.149159e-05	4.149159e-05	1.288729e-02	-1.292878e-02
9.951739291422476e-03	7.296947e-01	3.525804e+00	1.000000e+01	7.300000e-01	1.294839e-02	-1.294839e-02	-4.170380e-05	-4.170380e-05	4.170380e-05	1.294839e-02	-1.299010e-02
9.975025005708172e-03	7.298368e-01	3.492737e+00	1.000000e+01	7.300000e-01	1.301453e-02	-1.301453e-02	-4.193362e-05	-4.193362e-05	4.193362e-05	1.301453e-02	-1.305646e-02
9.998310719993870e-03	7.299894e-01	3.457154e+00	1.000000e+01	7.300000e-01	1.308569e-02	-1.308569e-02	-4.218104e-05	-4.218104e-05	4.218104e-05	1.308569e-02	-1.312787e-02
9.999310719993869e-03	7.299957e-01	3.455681e+00	1.000000e+01	7.300000e-01	1.308864e-02	-1.308864e-02	-4.219129e-05	-4.219129e-05	4.219129e-05	1.308864e-02	-1.313083e-02
1.000000000000000e-02	7.300000e-01	3.454666e+00	1.000000e+01	7.300000e-01	1.309067e-02	-1.309067e-02	-4.219835e-05	-4.219835e-05	4.219835e-05	1.309067e-02	-1.313287e-02
